function[c,ceq]=mycon(x)
c(1)=3-(459*x(4)^3*x(2)+459*x(4)^3*x(3)+6.95e+005*x(1)^3+2.06e+006*x(1)*((x(1)+x(4))^2))/(5.685e+006*(2*x(1)+x(4)));
c(2)=10-(460*x(4)^3*(x(2)+x(3))^2+2.3e+005*(x(2)+x(3))*x(1)^3+6.9e+005*x(1)*(x(2)+x(3))*((x(1)+x(4))^2))/(1.293e+009*x(1)*(x(1)+x(4))+8.625e+005*x(4)^2*(x(2)+x(3)));
ceq=[];